#
#
#  Percent Identity  Matrix - created by Clustal2.1 
#
#

     1: 9B-CPP-1                 100.00   31.25   40.00   53.33   57.14   55.56   38.46   58.33   50.00   50.00   40.00   35.71   61.54   50.00   41.18   33.33   42.86   43.75   23.53    8.33    8.33    6.67   27.27   23.08    0.00
     2: 9B-CPP-2                  31.25  100.00   30.00   35.71   27.27   33.33   38.46   36.36   53.85   25.00   40.00   81.25   30.77   42.86   61.11   60.00   68.75   44.44   17.65    0.00    0.00    0.00   18.18   10.00   18.18
     3: 9B-CPP-3                  40.00   30.00  100.00   66.67   66.67   77.78   60.00   66.67   33.33   50.00   30.00   30.00   60.00   40.00   30.00   20.00   20.00   33.33   30.00   14.29   14.29   14.29   22.22   40.00    0.00
     4: 9B-CPP-4                  53.33   35.71   66.67  100.00   58.33   55.56   50.00   75.00   25.00   54.55   23.08   41.67   66.67   40.00   33.33   28.57   33.33   28.57   33.33    8.33    8.33    7.69   10.00   27.27    0.00
     5: 9B-CPP-5                  57.14   27.27   66.67   58.33  100.00   66.67   77.78   50.00   20.00   75.00   27.27   33.33   55.56   37.50   25.00   18.18   33.33   36.36   25.00   16.67   16.67   13.33   14.29   35.71   20.00
     6: 9B-CPP-6                  55.56   33.33   77.78   55.56   66.67  100.00   55.56   66.67   62.50   44.44   55.56   33.33   55.56   44.44   33.33   33.33   33.33   50.00   33.33   14.29   14.29   14.29   50.00   40.00    0.00
     7: 9B-CPP-7                  38.46   38.46   60.00   50.00   77.78   55.56  100.00   55.56   33.33   58.33   30.77   38.46   30.77   36.36   38.46   30.77   30.77   33.33   23.08   10.00   10.00   10.00   11.11   50.00   11.11
     8: 9B-CPP-8                  58.33   36.36   66.67   75.00   50.00   66.67   55.56  100.00   60.00   50.00   40.00   44.44   66.67   71.43   50.00   36.36   44.44   45.45   41.67   18.18   18.18   16.67   42.86   18.18    0.00
     9: 9B-CPP-9                  50.00   53.85   33.33   25.00   20.00   62.50   33.33   60.00  100.00   22.22   90.00   58.33   22.22   58.33   75.00   66.67   66.67   71.43   18.18   16.67   16.67   16.67   55.56    0.00    9.09
    10: 9B-CPP-10                 50.00   25.00   50.00   54.55   75.00   44.44   58.33   50.00   22.22  100.00   25.00   25.00   41.67   36.36   25.00   25.00   16.67   36.36   25.00   33.33   33.33   33.33   22.22   71.43   11.11
    11: 9B-CPP-11                 40.00   40.00   30.00   23.08   27.27   55.56   30.77   40.00   90.00   25.00  100.00   42.86   23.08   53.85   53.33   57.14   50.00   71.43   26.67    8.33    8.33    8.33   60.00   20.00   10.00
    12: 9B-CPP-12                 35.71   81.25   30.00   41.67   33.33   33.33   38.46   44.44   58.33   25.00   42.86  100.00   30.77   42.86   68.75   69.23   68.75   53.33   26.67    0.00    0.00    0.00   22.22   12.50    9.09
    13: 9B-CPP-13                 61.54   30.77   60.00   66.67   55.56   55.56   30.77   66.67   22.22   41.67   23.08   30.77  100.00   36.36   30.77   23.08   30.77   33.33   30.77   30.00   30.00   20.00   11.11   25.00   11.11
    14: 9B-CPP-14                 50.00   42.86   40.00   40.00   37.50   44.44   36.36   71.43   58.33   36.36   53.85   42.86   36.36  100.00   64.29   45.45   50.00   76.92   30.77   11.11   11.11   11.11   33.33   42.86    9.09
    15: 9B-CPP-15                 41.18   61.11   30.00   33.33   25.00   33.33   38.46   50.00   75.00   25.00   53.33   68.75   30.77   64.29  100.00   66.67   75.00   55.56   38.89    8.33    8.33    7.69   27.27   18.18    9.09
    16: 9B-CPP-16                 33.33   60.00   20.00   28.57   18.18   33.33   30.77   36.36   66.67   25.00   57.14   69.23   23.08   45.45   66.67  100.00   61.54   42.86   26.67   16.67   16.67    8.33   36.36   20.00   11.11
    17: 9B-CPP-17                 42.86   68.75   20.00   33.33   33.33   33.33   30.77   44.44   66.67   16.67   50.00   68.75   30.77   50.00   75.00   61.54  100.00   60.00   33.33    0.00    0.00    0.00   22.22   25.00   18.18
    18: 9B-CPP-18                 43.75   44.44   33.33   28.57   36.36   50.00   33.33   45.45   71.43   36.36   71.43   53.33   33.33   76.92   55.56   42.86   60.00  100.00   23.53   18.18   18.18   16.67   54.55   10.00    7.69
    19: CPPsite_FAM-pVEC          23.53   17.65   30.00   33.33   25.00   33.33   23.08   41.67   18.18   25.00   26.67   26.67   30.77   30.77   38.89   26.67   33.33   23.53  100.00    0.00    0.00    0.00   18.18   27.27   18.18
    20: CPPsite_MPGNLS             8.33    0.00   14.29    8.33   16.67   14.29   10.00   18.18   16.67   33.33    8.33    0.00   30.00   11.11    8.33   16.67    0.00   18.18    0.00  100.00   96.30   62.50   25.00   18.18   21.43
    21: CPPsite_MPG                8.33    0.00   14.29    8.33   16.67   14.29   10.00   18.18   16.67   33.33    8.33    0.00   30.00   11.11    8.33   16.67    0.00   18.18    0.00   96.30  100.00   68.75   37.50   18.18   21.43
    22: CPPsite_Pep-1              6.67    0.00   14.29    7.69   13.33   14.29   10.00   16.67   16.67   33.33    8.33    0.00   20.00   11.11    7.69    8.33    0.00   16.67    0.00   62.50   68.75  100.00   37.50   18.75   16.67
    23: CPPsite_TAT47-57_unit     27.27   18.18   22.22   10.00   14.29   50.00   11.11   42.86   55.56   22.22   60.00   22.22   11.11   33.33   27.27   36.36   22.22   54.55   18.18   25.00   37.50   37.50  100.00   16.67    0.00
    24: CPPsite_Penetratin_unit   23.08   10.00   40.00   27.27   35.71   40.00   50.00   18.18    0.00   71.43   20.00   12.50   25.00   42.86   18.18   20.00   25.00   10.00   27.27   18.18   18.18   18.75   16.67  100.00   25.00
    25: CPPsite_TP10_unit          0.00   18.18    0.00    0.00   20.00    0.00   11.11    0.00    9.09   11.11   10.00    9.09   11.11    9.09    9.09   11.11   18.18    7.69   18.18   21.43   21.43   16.67    0.00   25.00  100.00
